RadialMbr:[0.9761097646288683, 0.8425329173901472], 0.3535533905932738


MbrPointer:Mbr:[[0.982794463634491, 0.982794463634491], [0.9992408156394958, 0.9992408156394958]], 982
MbrPointer:Mbr:[[0.9662526845932007, 0.9662526845932007], [0.9132984280586243, 0.9132984280586243]], 966
MbrPointer:Mbr:[[0.9764834046363831, 0.9764834046363831], [0.7471507787704468, 0.7471507787704468]], 976
MbrPointer:Mbr:[[0.9783254861831665, 0.9783254861831665], [0.6668795347213745, 0.6668795347213745]], 978
MbrPointer:Mbr:[[0.9204856753349304, 0.9204856753349304], [0.8210182189941406, 0.8210182189941406]], 920
MbrPointer:Mbr:[[0.9669737815856934, 0.9669737815856934], [0.9665713310241699, 0.9665713310241699]], 966
MbrPointer:Mbr:[[0.9840613603591919, 0.9840613603591919], [0.7348928451538086, 0.7348928451538086]], 984
MbrPointer:Mbr:[[0.9759833216667175, 0.9759833216667175], [0.7200995087623596, 0.7200995087623596]], 975
MbrPointer:Mbr:[[0.9708702564239502, 0.9708702564239502], [0.6668863296508789, 0.6668863296508789]], 970
MbrPointer:Mbr:[[0.9904043078422546, 0.9904043078422546], [0.8889097571372986, 0.8889097571372986]], 990
MbrPointer:Mbr:[[0.9661323428153992, 0.9661323428153992], [0.6567779183387756, 0.6567779183387756]], 966
MbrPointer:Mbr:[[0.9364252090454102, 0.9364252090454102], [0.9435942769050598, 0.9435942769050598]], 936
MbrPointer:Mbr:[[0.9664593935012817, 0.9664593935012817], [0.776072084903717, 0.776072084903717]], 966
MbrPointer:Mbr:[[0.9975075721740723, 0.9975075721740723], [0.9132928848266602, 0.9132928848266602]], 997
MbrPointer:Mbr:[[0.926116406917572, 0.926116406917572], [0.7531822919845581, 0.7531822919845581]], 926
MbrPointer:Mbr:[[0.99968022108078, 0.99968022108078], [0.8148842453956604, 0.8148842453956604]], 999
MbrPointer:Mbr:[[0.9635835886001587, 0.9635835886001587], [0.7377925515174866, 0.7377925515174866]], 963
MbrPointer:Mbr:[[0.9146487712860107, 0.9146487712860107], [0.9448951482772827, 0.9448951482772827]], 914
MbrPointer:Mbr:[[0.9589084386825562, 0.9589084386825562], [0.8196523785591125, 0.8196523785591125]], 958
MbrPointer:Mbr:[[0.9646751284599304, 0.9646751284599304], [0.6450556516647339, 0.6450556516647339]], 964
MbrPointer:Mbr:[[0.9980336427688599, 0.9980336427688599], [0.5274425148963928, 0.5274425148963928]], 998
MbrPointer:Mbr:[[0.9598854780197144, 0.9598854780197144], [0.9559350609779358, 0.9559350609779358]], 959
MbrPointer:Mbr:[[0.969296932220459, 0.969296932220459], [0.8943480849266052, 0.8943480849266052]], 969
MbrPointer:Mbr:[[0.9969094395637512, 0.9969094395637512], [0.8416236639022827, 0.8416236639022827]], 996
MbrPointer:Mbr:[[0.9877009391784668, 0.9877009391784668], [0.8088270425796509, 0.8088270425796509]], 987
MbrPointer:Mbr:[[0.9740212559700012, 0.9740212559700012], [0.9278960824012756, 0.9278960824012756]], 974
MbrPointer:Mbr:[[0.9782696962356567, 0.9782696962356567], [0.9849115014076233, 0.9849115014076233]], 978
MbrPointer:Mbr:[[0.9626280665397644, 0.9626280665397644], [0.8684341907501221, 0.8684341907501221]], 962
MbrPointer:Mbr:[[0.9846179485321045, 0.9846179485321045], [0.8930945992469788, 0.8930945992469788]], 984
MbrPointer:Mbr:[[0.9876890778541565, 0.9876890778541565], [0.9383046627044678, 0.9383046627044678]], 987
MbrPointer:Mbr:[[0.9920666217803955, 0.9920666217803955], [0.9209762811660767, 0.9209762811660767]], 992
MbrPointer:Mbr:[[0.9937135577201843, 0.9937135577201843], [0.7502572536468506, 0.7502572536468506]], 993
MbrPointer:Mbr:[[0.9718999862670898, 0.9718999862670898], [0.9872081279754639, 0.9872081279754639]], 971
MbrPointer:Mbr:[[0.9692147970199585, 0.9692147970199585], [0.6732971668243408, 0.6732971668243408]], 969
MbrPointer:Mbr:[[0.9230726957321167, 0.9230726957321167], [0.8598824143409729, 0.8598824143409729]], 923
MbrPointer:Mbr:[[0.941366970539093, 0.941366970539093], [0.9496141076087952, 0.9496141076087952]], 941
MbrPointer:Mbr:[[0.9487753510475159, 0.9487753510475159], [0.53167325258255, 0.53167325258255]], 948
MbrPointer:Mbr:[[0.994828462600708, 0.994828462600708], [0.6066597104072571, 0.6066597104072571]], 994
MbrPointer:Mbr:[[0.9498881697654724, 0.9498881697654724], [0.6126070618629456, 0.6126070618629456]], 949
MbrPointer:Mbr:[[0.9557851552963257, 0.9557851552963257], [0.8667895197868347, 0.8667895197868347]], 955
MbrPointer:Mbr:[[0.9879657626152039, 0.9879657626152039], [0.6149081587791443, 0.6149081587791443]], 987
MbrPointer:Mbr:[[0.9416989088058472, 0.9416989088058472], [0.6186503171920776, 0.6186503171920776]], 941
MbrPointer:Mbr:[[0.9316751956939697, 0.9316751956939697], [0.8250351548194885, 0.8250351548194885]], 931
MbrPointer:Mbr:[[0.93958979845047, 0.93958979845047], [0.6708530783653259, 0.6708530783653259]], 939
MbrPointer:Mbr:[[0.9571077823638916, 0.9571077823638916], [0.9432326555252075, 0.9432326555252075]], 957
MbrPointer:Mbr:[[0.9692077040672302, 0.9692077040672302], [0.5824863314628601, 0.5824863314628601]], 969
MbrPointer:Mbr:[[0.9123793840408325, 0.9123793840408325], [0.6323480010032654, 0.6323480010032654]], 912
MbrPointer:Mbr:[[0.9930581450462341, 0.9930581450462341], [0.9799752235412598, 0.9799752235412598]], 993
MbrPointer:Mbr:[[0.9685614109039307, 0.9685614109039307], [0.5984628200531006, 0.5984628200531006]], 968
MbrPointer:Mbr:[[0.9938192367553711, 0.9938192367553711], [0.5790154337882996, 0.5790154337882996]], 993
MbrPointer:Mbr:[[0.9414092302322388, 0.9414092302322388], [0.9731562733650208, 0.9731562733650208]], 941
MbrPointer:Mbr:[[0.8098875880241394, 0.8098875880241394], [0.7083483338356018, 0.7083483338356018]], 809
MbrPointer:Mbr:[[0.8095853328704834, 0.8095853328704834], [0.8107264637947083, 0.8107264637947083]], 809
MbrPointer:Mbr:[[0.8243470191955566, 0.8243470191955566], [0.6269731521606445, 0.6269731521606445]], 824
MbrPointer:Mbr:[[0.8265265226364136, 0.8265265226364136], [0.7504066824913025, 0.7504066824913025]], 826
MbrPointer:Mbr:[[0.7418543696403503, 0.7418543696403503], [0.7396009564399719, 0.7396009564399719]], 741
MbrPointer:Mbr:[[0.8004255890846252, 0.8004255890846252], [0.7795315384864807, 0.7795315384864807]], 800
MbrPointer:Mbr:[[0.7929727435112, 0.7929727435112], [0.7010713815689087, 0.7010713815689087]], 792
MbrPointer:Mbr:[[0.8343943953514099, 0.8343943953514099], [0.6472920179367065, 0.6472920179367065]], 834
MbrPointer:Mbr:[[0.7599157094955444, 0.7599157094955444], [0.7435363531112671, 0.7435363531112671]], 759
MbrPointer:Mbr:[[0.871256947517395, 0.871256947517395], [0.6377846002578735, 0.6377846002578735]], 871
MbrPointer:Mbr:[[0.8188244104385376, 0.8188244104385376], [0.8118689656257629, 0.8118689656257629]], 818
MbrPointer:Mbr:[[0.8571719527244568, 0.8571719527244568], [0.6851963400840759, 0.6851963400840759]], 857
MbrPointer:Mbr:[[0.7591421604156494, 0.7591421604156494], [0.7413280010223389, 0.7413280010223389]], 759
MbrPointer:Mbr:[[0.7859621644020081, 0.7859621644020081], [0.8379177451133728, 0.8379177451133728]], 785
MbrPointer:Mbr:[[0.7791228890419006, 0.7791228890419006], [0.5908340215682983, 0.5908340215682983]], 779
MbrPointer:Mbr:[[0.8066971302032471, 0.8066971302032471], [0.5691404342651367, 0.5691404342651367]], 806
MbrPointer:Mbr:[[0.8279147148132324, 0.8279147148132324], [0.6619530320167542, 0.6619530320167542]], 827
MbrPointer:Mbr:[[0.900603711605072, 0.900603711605072], [0.6516872644424438, 0.6516872644424438]], 900
MbrPointer:Mbr:[[0.8514158725738525, 0.8514158725738525], [0.7264744639396667, 0.7264744639396667]], 851
MbrPointer:Mbr:[[0.8877366185188293, 0.8877366185188293], [0.6677718162536621, 0.6677718162536621]], 887
MbrPointer:Mbr:[[0.912725567817688, 0.912725567817688], [0.9802677035331726, 0.9802677035331726]], 912
MbrPointer:Mbr:[[0.7971230745315552, 0.7971230745315552], [0.5667553544044495, 0.5667553544044495]], 797
MbrPointer:Mbr:[[0.8401525616645813, 0.8401525616645813], [0.5724811553955078, 0.5724811553955078]], 840
MbrPointer:Mbr:[[0.9708752036094666, 0.9708752036094666], [0.7931662797927856, 0.7931662797927856]], 970
MbrPointer:Mbr:[[0.808579683303833, 0.808579683303833], [0.5681161284446716, 0.5681161284446716]], 808
MbrPointer:Mbr:[[0.7821334600448608, 0.7821334600448608], [0.6696448922157288, 0.6696448922157288]], 782
MbrPointer:Mbr:[[0.886545717716217, 0.886545717716217], [0.5910907983779907, 0.5910907983779907]], 886
MbrPointer:Mbr:[[0.9679857492446899, 0.9679857492446899], [0.6199979782104492, 0.6199979782104492]], 967
MbrPointer:Mbr:[[0.9304235577583313, 0.9304235577583313], [0.6179105043411255, 0.6179105043411255]], 930
MbrPointer:Mbr:[[0.837591826915741, 0.837591826915741], [0.9420023560523987, 0.9420023560523987]], 837
MbrPointer:Mbr:[[0.7919670343399048, 0.7919670343399048], [0.7476106286048889, 0.7476106286048889]], 791
MbrPointer:Mbr:[[0.8953264355659485, 0.8953264355659485], [0.7803205251693726, 0.7803205251693726]], 895
MbrPointer:Mbr:[[0.8652376532554626, 0.8652376532554626], [0.5143550634384155, 0.5143550634384155]], 865
MbrPointer:Mbr:[[0.9302213191986084, 0.9302213191986084], [0.6323798894882202, 0.6323798894882202]], 930
MbrPointer:Mbr:[[0.8634997010231018, 0.8634997010231018], [0.5308796167373657, 0.5308796167373657]], 863
MbrPointer:Mbr:[[0.9390323162078857, 0.9390323162078857], [0.5919418334960938, 0.5919418334960938]], 939
MbrPointer:Mbr:[[0.8341009020805359, 0.8341009020805359], [0.7266970276832581, 0.7266970276832581]], 834
MbrPointer:Mbr:[[0.9399483799934387, 0.9399483799934387], [0.7332735061645508, 0.7332735061645508]], 939
MbrPointer:Mbr:[[0.9218507409095764, 0.9218507409095764], [0.6782692074775696, 0.6782692074775696]], 921
MbrPointer:Mbr:[[0.8405069708824158, 0.8405069708824158], [0.7770407199859619, 0.7770407199859619]], 840
MbrPointer:Mbr:[[0.8783807158470154, 0.8783807158470154], [0.5500273108482361, 0.5500273108482361]], 878
MbrPointer:Mbr:[[0.763420581817627, 0.763420581817627], [0.7309082746505737, 0.7309082746505737]], 763
MbrPointer:Mbr:[[0.8338605165481567, 0.8338605165481567], [0.8288428783416748, 0.8288428783416748]], 833
MbrPointer:Mbr:[[0.8111817836761475, 0.8111817836761475], [0.6446515917778015, 0.6446515917778015]], 811
MbrPointer:Mbr:[[0.9049433469772339, 0.9049433469772339], [0.9170426726341248, 0.9170426726341248]], 904
MbrPointer:Mbr:[[0.9481065273284912, 0.9481065273284912], [0.6437898278236389, 0.6437898278236389]], 948
MbrPointer:Mbr:[[0.9512648582458496, 0.9512648582458496], [0.5726451277732849, 0.5726451277732849]], 951
MbrPointer:Mbr:[[0.9554504156112671, 0.9554504156112671], [0.7474315762519836, 0.7474315762519836]], 955
MbrPointer:Mbr:[[0.9230893850326538, 0.9230893850326538], [0.8063858151435852, 0.8063858151435852]], 923
MbrPointer:Mbr:[[0.8739408850669861, 0.8739408850669861], [0.8583751916885376, 0.8583751916885376]], 873
MbrPointer:Mbr:[[0.9566068053245544, 0.9566068053245544], [0.49930763244628906, 0.49930763244628906]], 956
MbrPointer:Mbr:[[0.8355083465576172, 0.8355083465576172], [0.5374981760978699, 0.5374981760978699]], 835
MbrPointer:Mbr:[[0.8036358952522278, 0.8036358952522278], [0.9654134511947632, 0.9654134511947632]], 803
MbrPointer:Mbr:[[0.6774709224700928, 0.6774709224700928], [0.890447735786438, 0.890447735786438]], 677
MbrPointer:Mbr:[[0.6533284187316895, 0.6533284187316895], [0.8818086981773376, 0.8818086981773376]], 653
MbrPointer:Mbr:[[0.714397668838501, 0.714397668838501], [0.8881267309188843, 0.8881267309188843]], 714
MbrPointer:Mbr:[[0.7494738101959229, 0.7494738101959229], [0.9289129376411438, 0.9289129376411438]], 749
MbrPointer:Mbr:[[0.7538885474205017, 0.7538885474205017], [0.9659438133239746, 0.9659438133239746]], 753
MbrPointer:Mbr:[[0.6470388770103455, 0.6470388770103455], [0.8768630027770996, 0.8768630027770996]], 647
MbrPointer:Mbr:[[0.7004151344299316, 0.7004151344299316], [0.9376901388168335, 0.9376901388168335]], 700
MbrPointer:Mbr:[[0.6679650545120239, 0.6679650545120239], [0.9893113970756531, 0.9893113970756531]], 667
MbrPointer:Mbr:[[0.6594842076301575, 0.6594842076301575], [0.8789889216423035, 0.8789889216423035]], 659
MbrPointer:Mbr:[[0.6464822888374329, 0.6464822888374329], [0.9633713960647583, 0.9633713960647583]], 646
MbrPointer:Mbr:[[0.6521317958831787, 0.6521317958831787], [0.911412239074707, 0.911412239074707]], 652
MbrPointer:Mbr:[[0.6457384824752808, 0.6457384824752808], [0.9299772381782532, 0.9299772381782532]], 645
MbrPointer:Mbr:[[0.6481755971908569, 0.6481755971908569], [0.8980705738067627, 0.8980705738067627]], 648
MbrPointer:Mbr:[[0.6557287573814392, 0.6557287573814392], [0.9329161643981934, 0.9329161643981934]], 655
MbrPointer:Mbr:[[0.6750518679618835, 0.6750518679618835], [0.9439261555671692, 0.9439261555671692]], 675
MbrPointer:Mbr:[[0.6482720971107483, 0.6482720971107483], [0.879464864730835, 0.879464864730835]], 648
MbrPointer:Mbr:[[0.6726318597793579, 0.6726318597793579], [0.9097330570220947, 0.9097330570220947]], 672
MbrPointer:Mbr:[[0.7497935891151428, 0.7497935891151428], [0.779925525188446, 0.779925525188446]], 749
MbrPointer:Mbr:[[0.6476234793663025, 0.6476234793663025], [0.7731642723083496, 0.7731642723083496]], 647
MbrPointer:Mbr:[[0.6475746631622314, 0.6475746631622314], [0.7860714793205261, 0.7860714793205261]], 647
MbrPointer:Mbr:[[0.7782709002494812, 0.7782709002494812], [0.8131496906280518, 0.8131496906280518]], 778
MbrPointer:Mbr:[[0.6701799631118774, 0.6701799631118774], [0.8187309503555298, 0.8187309503555298]], 670
MbrPointer:Mbr:[[0.6343752145767212, 0.6343752145767212], [0.8098682761192322, 0.8098682761192322]], 634
MbrPointer:Mbr:[[0.6666268110275269, 0.6666268110275269], [0.8640553951263428, 0.8640553951263428]], 666
MbrPointer:Mbr:[[0.6858668923377991, 0.6858668923377991], [0.9134575128555298, 0.9134575128555298]], 685
MbrPointer:Mbr:[[0.7390457391738892, 0.7390457391738892], [0.9044228792190552, 0.9044228792190552]], 739
MbrPointer:Mbr:[[0.8742474317550659, 0.8742474317550659], [0.9966663122177124, 0.9966663122177124]], 874
MbrPointer:Mbr:[[0.7328820824623108, 0.7328820824623108], [0.9561790227890015, 0.9561790227890015]], 732
MbrPointer:Mbr:[[0.7633874416351318, 0.7633874416351318], [0.965209424495697, 0.965209424495697]], 763
MbrPointer:Mbr:[[0.6958781480789185, 0.6958781480789185], [0.9500033855438232, 0.9500033855438232]], 695
MbrPointer:Mbr:[[0.7135288715362549, 0.7135288715362549], [0.8784869909286499, 0.8784869909286499]], 713
MbrPointer:Mbr:[[0.8893620371818542, 0.8893620371818542], [0.9692597985267639, 0.9692597985267639]], 889
MbrPointer:Mbr:[[0.8282351493835449, 0.8282351493835449], [0.8991297483444214, 0.8991297483444214]], 828
MbrPointer:Mbr:[[0.7371359467506409, 0.7371359467506409], [0.9246373772621155, 0.9246373772621155]], 737
MbrPointer:Mbr:[[0.8339340090751648, 0.8339340090751648], [0.936886191368103, 0.936886191368103]], 833
MbrPointer:Mbr:[[0.8374218344688416, 0.8374218344688416], [0.8926361203193665, 0.8926361203193665]], 837
MbrPointer:Mbr:[[0.8133650422096252, 0.8133650422096252], [0.944151759147644, 0.944151759147644]], 813
MbrPointer:Mbr:[[0.8064883351325989, 0.8064883351325989], [0.9352932572364807, 0.9352932572364807]], 806
MbrPointer:Mbr:[[0.8305760025978088, 0.8305760025978088], [0.8910737037658691, 0.8910737037658691]], 830
MbrPointer:Mbr:[[0.7309050559997559, 0.7309050559997559], [0.9165225625038147, 0.9165225625038147]], 730
MbrPointer:Mbr:[[0.9025920629501343, 0.9025920629501343], [0.9383869767189026, 0.9383869767189026]], 902
MbrPointer:Mbr:[[0.9333546161651611, 0.9333546161651611], [0.9998012781143188, 0.9998012781143188]], 933
MbrPointer:Mbr:[[0.8363175988197327, 0.8363175988197327], [0.9545943737030029, 0.9545943737030029]], 836
MbrPointer:Mbr:[[0.729004979133606, 0.729004979133606], [0.840858519077301, 0.840858519077301]], 729
MbrPointer:Mbr:[[0.728080153465271, 0.728080153465271], [0.875870943069458, 0.875870943069458]], 728
MbrPointer:Mbr:[[0.8937152028083801, 0.8937152028083801], [0.8867953419685364, 0.8867953419685364]], 893
MbrPointer:Mbr:[[0.8637090921401978, 0.8637090921401978], [0.8776954412460327, 0.8776954412460327]], 863
MbrPointer:Mbr:[[0.7506855130195618, 0.7506855130195618], [0.8797136545181274, 0.8797136545181274]], 750
MbrPointer:Mbr:[[0.9258716702461243, 0.9258716702461243], [0.9366899728775024, 0.9366899728775024]], 925
MbrPointer:Mbr:[[0.7743093371391296, 0.7743093371391296], [0.9802528023719788, 0.9802528023719788]], 774
MbrPointer:Mbr:[[0.8934822678565979, 0.8934822678565979], [0.9938926100730896, 0.9938926100730896]], 893
MbrPointer:Mbr:[[0.8559799194335938, 0.8559799194335938], [0.9952672719955444, 0.9952672719955444]], 855
MbrPointer:Mbr:[[0.9323026537895203, 0.9323026537895203], [0.5720294117927551, 0.5720294117927551]], 932
MbrPointer:Mbr:[[0.8594292402267456, 0.8594292402267456], [0.6530102491378784, 0.6530102491378784]], 859
MbrPointer:Mbr:[[0.8255769610404968, 0.8255769610404968], [0.7428993582725525, 0.7428993582725525]], 825
MbrPointer:Mbr:[[0.6688779592514038, 0.6688779592514038], [0.7248850464820862, 0.7248850464820862]], 668
MbrPointer:Mbr:[[0.7179473638534546, 0.7179473638534546], [0.6747353672981262, 0.6747353672981262]], 717
MbrPointer:Mbr:[[0.7189472317695618, 0.7189472317695618], [0.6137388348579407, 0.6137388348579407]], 718
MbrPointer:Mbr:[[0.6967684030532837, 0.6967684030532837], [0.7669929265975952, 0.7669929265975952]], 696
MbrPointer:Mbr:[[0.6507178544998169, 0.6507178544998169], [0.748823881149292, 0.748823881149292]], 650
MbrPointer:Mbr:[[0.9051687121391296, 0.9051687121391296], [0.5233372449874878, 0.5233372449874878]], 905
MbrPointer:Mbr:[[0.6899479627609253, 0.6899479627609253], [0.6529096961021423, 0.6529096961021423]], 689
MbrPointer:Mbr:[[0.7494655251502991, 0.7494655251502991], [0.6924168467521667, 0.6924168467521667]], 749
MbrPointer:Mbr:[[0.6848040819168091, 0.6848040819168091], [0.6805755496025085, 0.6805755496025085]], 684
MbrPointer:Mbr:[[0.8287116885185242, 0.8287116885185242], [0.61900794506073, 0.61900794506073]], 828
MbrPointer:Mbr:[[0.9142815470695496, 0.9142815470695496], [0.5343591570854187, 0.5343591570854187]], 914
MbrPointer:Mbr:[[0.8991462588310242, 0.8991462588310242], [0.5477378964424133, 0.5477378964424133]], 899
MbrPointer:Mbr:[[0.9433178305625916, 0.9433178305625916], [0.7159066796302795, 0.7159066796302795]], 943
MbrPointer:Mbr:[[0.8274468779563904, 0.8274468779563904], [0.5955953001976013, 0.5955953001976013]], 827
MbrPointer:Mbr:[[0.8118774890899658, 0.8118774890899658], [0.588935375213623, 0.588935375213623]], 811
MbrPointer:Mbr:[[0.9158358573913574, 0.9158358573913574], [0.58087557554245, 0.58087557554245]], 915
MbrPointer:Mbr:[[0.6336970925331116, 0.6336970925331116], [0.8342798352241516, 0.8342798352241516]], 633
MbrPointer:Mbr:[[0.6829994320869446, 0.6829994320869446], [0.8520722985267639, 0.8520722985267639]], 682
MbrPointer:Mbr:[[0.6281240582466125, 0.6281240582466125], [0.8011218309402466, 0.8011218309402466]], 628
MbrPointer:Mbr:[[0.6847110986709595, 0.6847110986709595], [0.8164489269256592, 0.8164489269256592]], 684
MbrPointer:Mbr:[[0.6656032204627991, 0.6656032204627991], [0.741779088973999, 0.741779088973999]], 665
MbrPointer:Mbr:[[0.693181037902832, 0.693181037902832], [0.7809202671051025, 0.7809202671051025]], 693
MbrPointer:Mbr:[[0.6811256408691406, 0.6811256408691406], [0.7026859521865845, 0.7026859521865845]], 681
MbrPointer:Mbr:[[0.6815561652183533, 0.6815561652183533], [0.8411670923233032, 0.8411670923233032]], 681
MbrPointer:Mbr:[[0.8522209525108337, 0.8522209525108337], [0.5932210683822632, 0.5932210683822632]], 852
MbrPointer:Mbr:[[0.885010838508606, 0.885010838508606], [0.6301586627960205, 0.6301586627960205]], 885
MbrPointer:Mbr:[[0.8808243870735168, 0.8808243870735168], [0.5370796918869019, 0.5370796918869019]], 880
MbrPointer:Mbr:[[0.9152859449386597, 0.9152859449386597], [0.5885025262832642, 0.5885025262832642]], 915
MbrPointer:Mbr:[[0.890531063079834, 0.890531063079834], [0.5876719951629639, 0.5876719951629639]], 890
MbrPointer:Mbr:[[0.8610543012619019, 0.8610543012619019], [0.5811442732810974, 0.5811442732810974]], 861
MbrPointer:Mbr:[[0.8182654976844788, 0.8182654976844788], [0.7119602560997009, 0.7119602560997009]], 818
MbrPointer:Mbr:[[0.7940782904624939, 0.7940782904624939], [0.6467196345329285, 0.6467196345329285]], 794
MbrPointer:Mbr:[[0.7612413167953491, 0.7612413167953491], [0.6642760038375854, 0.6642760038375854]], 761
MbrPointer:Mbr:[[0.8169691562652588, 0.8169691562652588], [0.6939144730567932, 0.6939144730567932]], 816
MbrPointer:Mbr:[[0.6689597964286804, 0.6689597964286804], [0.6836356520652771, 0.6836356520652771]], 668
MbrPointer:Mbr:[[0.7852150797843933, 0.7852150797843933], [0.5848813652992249, 0.5848813652992249]], 785
MbrPointer:Mbr:[[0.8394531011581421, 0.8394531011581421], [0.649380624294281, 0.649380624294281]], 839
MbrPointer:Mbr:[[0.7613396644592285, 0.7613396644592285], [0.7711952328681946, 0.7711952328681946]], 761
MbrPointer:Mbr:[[0.8803691267967224, 0.8803691267967224], [0.7332982420921326, 0.7332982420921326]], 880
MbrPointer:Mbr:[[0.6999329328536987, 0.6999329328536987], [0.9500346183776855, 0.9500346183776855]], 699
MbrPointer:Mbr:[[0.8742592930793762, 0.8742592930793762], [0.9593007564544678, 0.9593007564544678]], 874
MbrPointer:Mbr:[[0.911769449710846, 0.911769449710846], [0.9624944925308228, 0.9624944925308228]], 911
MbrPointer:Mbr:[[0.6928070187568665, 0.6928070187568665], [0.961245596408844, 0.961245596408844]], 692
MbrPointer:Mbr:[[0.8535299301147461, 0.8535299301147461], [0.7982834577560425, 0.7982834577560425]], 853
MbrPointer:Mbr:[[0.8797517418861389, 0.8797517418861389], [0.8087314963340759, 0.8087314963340759]], 879
MbrPointer:Mbr:[[0.8301315903663635, 0.8301315903663635], [0.9576124548912048, 0.9576124548912048]], 830
MbrPointer:Mbr:[[0.9033410549163818, 0.9033410549163818], [0.8589348196983337, 0.8589348196983337]], 903
MbrPointer:Mbr:[[0.8352524042129517, 0.8352524042129517], [0.7430956363677979, 0.7430956363677979]], 835
MbrPointer:Mbr:[[0.8102384805679321, 0.8102384805679321], [0.849816620349884, 0.849816620349884]], 810
MbrPointer:Mbr:[[0.8507190942764282, 0.8507190942764282], [0.9981698393821716, 0.9981698393821716]], 850
MbrPointer:Mbr:[[0.8631585240364075, 0.8631585240364075], [0.8883814215660095, 0.8883814215660095]], 863
MbrPointer:Mbr:[[0.8660308122634888, 0.8660308122634888], [0.8749526739120483, 0.8749526739120483]], 866
MbrPointer:Mbr:[[0.8051958680152893, 0.8051958680152893], [0.9949118494987488, 0.9949118494987488]], 805
MbrPointer:Mbr:[[0.9087689518928528, 0.9087689518928528], [0.9980886578559875, 0.9980886578559875]], 908
MbrPointer:Mbr:[[0.8989764451980591, 0.8989764451980591], [0.750964879989624, 0.750964879989624]], 898
MbrPointer:Mbr:[[0.8359509110450745, 0.8359509110450745], [0.8223465085029602, 0.8223465085029602]], 835
MbrPointer:Mbr:[[0.8649547100067139, 0.8649547100067139], [0.7695099115371704, 0.7695099115371704]], 864
MbrPointer:Mbr:[[0.8890292644500732, 0.8890292644500732], [0.759526789188385, 0.759526789188385]], 889
MbrPointer:Mbr:[[0.9424037337303162, 0.9424037337303162], [0.7968766689300537, 0.7968766689300537]], 942
MbrPointer:Mbr:[[0.7899231314659119, 0.7899231314659119], [0.7988721132278442, 0.7988721132278442]], 789
MbrPointer:Mbr:[[0.8534531593322754, 0.8534531593322754], [0.810598611831665, 0.810598611831665]], 853
MbrPointer:Mbr:[[0.9301900267601013, 0.9301900267601013], [0.7798873782157898, 0.7798873782157898]], 930
MbrPointer:Mbr:[[0.9485660195350647, 0.9485660195350647], [0.8464704155921936, 0.8464704155921936]], 948
MbrPointer:Mbr:[[0.7039058208465576, 0.7039058208465576], [0.9425296783447266, 0.9425296783447266]], 703
MbrPointer:Mbr:[[0.8857115507125854, 0.8857115507125854], [0.771731436252594, 0.771731436252594]], 885
MbrPointer:Mbr:[[0.872731626033783, 0.872731626033783], [0.9579441547393799, 0.9579441547393799]], 872
MbrPointer:Mbr:[[0.8741183876991272, 0.8741183876991272], [0.7869900465011597, 0.7869900465011597]], 874
MbrPointer:Mbr:[[0.797181248664856, 0.797181248664856], [0.8459258079528809, 0.8459258079528809]], 797
MbrPointer:Mbr:[[0.9232416749000549, 0.9232416749000549], [0.9027472734451294, 0.9027472734451294]], 923
MbrPointer:Mbr:[[0.7989641427993774, 0.7989641427993774], [0.9185470938682556, 0.9185470938682556]], 798
MbrPointer:Mbr:[[0.892756998538971, 0.892756998538971], [0.9706089496612549, 0.9706089496612549]], 892
MbrPointer:Mbr:[[0.9191036820411682, 0.9191036820411682], [0.88963782787323, 0.88963782787323]], 919
MbrPointer:Mbr:[[0.7410899996757507, 0.7410899996757507], [0.8533616065979004, 0.8533616065979004]], 741
MbrPointer:Mbr:[[0.8330934643745422, 0.8330934643745422], [0.8962990045547485, 0.8962990045547485]], 833
MbrPointer:Mbr:[[0.6865496635437012, 0.6865496635437012], [0.8971898555755615, 0.8971898555755615]], 686
MbrPointer:Mbr:[[0.8325298428535461, 0.8325298428535461], [0.7836801409721375, 0.7836801409721375]], 832
MbrPointer:Mbr:[[0.9093459248542786, 0.9093459248542786], [0.7968623042106628, 0.7968623042106628]], 909
MbrPointer:Mbr:[[0.9411412477493286, 0.9411412477493286], [0.9361371397972107, 0.9361371397972107]], 941
MbrPointer:Mbr:[[0.8478360176086426, 0.8478360176086426], [0.8665118217468262, 0.8665118217468262]], 847
MbrPointer:Mbr:[[0.7613430619239807, 0.7613430619239807], [0.9578432440757751, 0.9578432440757751]], 761
MbrPointer:Mbr:[[0.9248431324958801, 0.9248431324958801], [0.9821706414222717, 0.9821706414222717]], 924
MbrPointer:Mbr:[[0.7681519985198975, 0.7681519985198975], [0.9009415507316589, 0.9009415507316589]], 768
MbrPointer:Mbr:[[0.650144100189209, 0.650144100189209], [0.9325941205024719, 0.9325941205024719]], 650
MbrPointer:Mbr:[[0.6388229131698608, 0.6388229131698608], [0.8703514337539673, 0.8703514337539673]], 638
MbrPointer:Mbr:[[0.7433786392211914, 0.7433786392211914], [0.9205374717712402, 0.9205374717712402]], 743
MbrPointer:Mbr:[[0.7542970776557922, 0.7542970776557922], [0.9093071818351746, 0.9093071818351746]], 754
MbrPointer:Mbr:[[0.7445616126060486, 0.7445616126060486], [0.8899936079978943, 0.8899936079978943]], 744
MbrPointer:Mbr:[[0.7347886562347412, 0.7347886562347412], [0.929819643497467, 0.929819643497467]], 734
MbrPointer:Mbr:[[0.7091241478919983, 0.7091241478919983], [0.9054099917411804, 0.9054099917411804]], 709
MbrPointer:Mbr:[[0.7420704960823059, 0.7420704960823059], [0.8892661929130554, 0.8892661929130554]], 742
MbrPointer:Mbr:[[0.9922035336494446, 0.9922035336494446], [0.9903631806373596, 0.9903631806373596]], 992
MbrPointer:Mbr:[[0.7921807765960693, 0.7921807765960693], [0.9879143238067627, 0.9879143238067627]], 792
MbrPointer:Mbr:[[0.7793037295341492, 0.7793037295341492], [0.9365386366844177, 0.9365386366844177]], 779
MbrPointer:Mbr:[[0.9854234457015991, 0.9854234457015991], [0.9328018426895142, 0.9328018426895142]], 985
MbrPointer:Mbr:[[0.9191866517066956, 0.9191866517066956], [0.9661475419998169, 0.9661475419998169]], 919
MbrPointer:Mbr:[[0.9188922643661499, 0.9188922643661499], [0.968677818775177, 0.968677818775177]], 918
MbrPointer:Mbr:[[0.7716243863105774, 0.7716243863105774], [0.9656569361686707, 0.9656569361686707]], 771
MbrPointer:Mbr:[[0.9781428575515747, 0.9781428575515747], [0.9817548394203186, 0.9817548394203186]], 978
MbrPointer:Mbr:[[0.783913791179657, 0.783913791179657], [0.9908005595207214, 0.9908005595207214]], 783
MbrPointer:Mbr:[[0.9015551209449768, 0.9015551209449768], [0.9535866379737854, 0.9535866379737854]], 901
MbrPointer:Mbr:[[0.9381539225578308, 0.9381539225578308], [0.9841126203536987, 0.9841126203536987]], 938
MbrPointer:Mbr:[[0.8346325755119324, 0.8346325755119324], [0.9591220021247864, 0.9591220021247864]], 834
MbrPointer:Mbr:[[0.7917039394378662, 0.7917039394378662], [0.964959979057312, 0.964959979057312]], 791
MbrPointer:Mbr:[[0.7522246241569519, 0.7522246241569519], [0.9694368243217468, 0.9694368243217468]], 752
MbrPointer:Mbr:[[0.793497622013092, 0.793497622013092], [0.9304124116897583, 0.9304124116897583]], 793
MbrPointer:Mbr:[[0.943459689617157, 0.943459689617157], [0.9706653356552124, 0.9706653356552124]], 943
MbrPointer:Mbr:[[0.9718565940856934, 0.9718565940856934], [0.9455777406692505, 0.9455777406692505]], 971
MbrPointer:Mbr:[[0.8847842216491699, 0.8847842216491699], [0.9857115745544434, 0.9857115745544434]], 884
MbrPointer:Mbr:[[0.9446905851364136, 0.9446905851364136], [0.9864469170570374, 0.9864469170570374]], 944
MbrPointer:Mbr:[[0.8013547658920288, 0.8013547658920288], [0.9448289275169373, 0.9448289275169373]], 801
MbrPointer:Mbr:[[0.925585925579071, 0.925585925579071], [0.9644243121147156, 0.9644243121147156]], 925
MbrPointer:Mbr:[[0.8236685395240784, 0.8236685395240784], [0.9493655562400818, 0.9493655562400818]], 823
MbrPointer:Mbr:[[0.7392298579216003, 0.7392298579216003], [0.967780351638794, 0.967780351638794]], 739
MbrPointer:Mbr:[[0.7264825701713562, 0.7264825701713562], [0.9702159762382507, 0.9702159762382507]], 726
MbrPointer:Mbr:[[0.958628237247467, 0.958628237247467], [0.9892610311508179, 0.9892610311508179]], 958
MbrPointer:Mbr:[[0.9641832709312439, 0.9641832709312439], [0.8823177814483643, 0.8823177814483643]], 964
MbrPointer:Mbr:[[0.8718440532684326, 0.8718440532684326], [0.950022280216217, 0.950022280216217]], 871
MbrPointer:Mbr:[[0.9935157299041748, 0.9935157299041748], [0.9418230652809143, 0.9418230652809143]], 993
MbrPointer:Mbr:[[0.8864544034004211, 0.8864544034004211], [0.9364160895347595, 0.9364160895347595]], 886
MbrPointer:Mbr:[[0.9326871633529663, 0.9326871633529663], [0.9498929977416992, 0.9498929977416992]], 932
MbrPointer:Mbr:[[0.8790695667266846, 0.8790695667266846], [0.9765235781669617, 0.9765235781669617]], 879
MbrPointer:Mbr:[[0.9076359868049622, 0.9076359868049622], [0.9405074119567871, 0.9405074119567871]], 907
MbrPointer:Mbr:[[0.9268220067024231, 0.9268220067024231], [0.9624627232551575, 0.9624627232551575]], 926
MbrPointer:Mbr:[[0.9991803169250488, 0.9991803169250488], [0.9349732995033264, 0.9349732995033264]], 999
MbrPointer:Mbr:[[0.6544406414031982, 0.6544406414031982], [0.8662728667259216, 0.8662728667259216]], 654
MbrPointer:Mbr:[[0.6447741985321045, 0.6447741985321045], [0.9620541334152222, 0.9620541334152222]], 644
MbrPointer:Mbr:[[0.8065268993377686, 0.8065268993377686], [0.9137336611747742, 0.9137336611747742]], 806
MbrPointer:Mbr:[[0.9692943692207336, 0.9692943692207336], [0.9312278032302856, 0.9312278032302856]], 969
MbrPointer:Mbr:[[0.8590300679206848, 0.8590300679206848], [0.9785146713256836, 0.9785146713256836]], 859
MbrPointer:Mbr:[[0.8333860039710999, 0.8333860039710999], [0.9236750602722168, 0.9236750602722168]], 833
MbrPointer:Mbr:[[0.8177545070648193, 0.8177545070648193], [0.8990221619606018, 0.8990221619606018]], 817
MbrPointer:Mbr:[[0.8879683017730713, 0.8879683017730713], [0.9778859615325928, 0.9778859615325928]], 887
MbrPointer:Mbr:[[0.7408148646354675, 0.7408148646354675], [0.9851722121238708, 0.9851722121238708]], 740
MbrPointer:Mbr:[[0.7846179604530334, 0.7846179604530334], [0.8672417998313904, 0.8672417998313904]], 784
MbrPointer:Mbr:[[0.7620632648468018, 0.7620632648468018], [0.9448583126068115, 0.9448583126068115]], 762
MbrPointer:Mbr:[[0.9419148564338684, 0.9419148564338684], [0.9640056490898132, 0.9640056490898132]], 941
MbrPointer:Mbr:[[0.6951507925987244, 0.6951507925987244], [0.8661365509033203, 0.8661365509033203]], 695
MbrPointer:Mbr:[[0.957665205001831, 0.957665205001831], [0.8649570345878601, 0.8649570345878601]], 957
MbrPointer:Mbr:[[0.9478171467781067, 0.9478171467781067], [0.9717220664024353, 0.9717220664024353]], 947
MbrPointer:Mbr:[[0.9089486002922058, 0.9089486002922058], [0.8985937237739563, 0.8985937237739563]], 908
MbrPointer:Mbr:[[0.7956684231758118, 0.7956684231758118], [0.88636714220047, 0.88636714220047]], 795
MbrPointer:Mbr:[[0.8886570930480957, 0.8886570930480957], [0.9258569478988647, 0.9258569478988647]], 888
MbrPointer:Mbr:[[0.8236371874809265, 0.8236371874809265], [0.8794820308685303, 0.8794820308685303]], 823
MbrPointer:Mbr:[[0.963666558265686, 0.963666558265686], [0.8798589110374451, 0.8798589110374451]], 963
MbrPointer:Mbr:[[0.8875367641448975, 0.8875367641448975], [0.9557993412017822, 0.9557993412017822]], 887
MbrPointer:Mbr:[[0.9201371669769287, 0.9201371669769287], [0.8712741732597351, 0.8712741732597351]], 920
MbrPointer:Mbr:[[0.9085847735404968, 0.9085847735404968], [0.953277051448822, 0.953277051448822]], 908
MbrPointer:Mbr:[[0.8379167318344116, 0.8379167318344116], [0.9658341407775879, 0.9658341407775879]], 837
MbrPointer:Mbr:[[0.8454140424728394, 0.8454140424728394], [0.8688218593597412, 0.8688218593597412]], 845
MbrPointer:Mbr:[[0.781440019607544, 0.781440019607544], [0.8776292204856873, 0.8776292204856873]], 781
MbrPointer:Mbr:[[0.8754841089248657, 0.8754841089248657], [0.8977687358856201, 0.8977687358856201]], 875
MbrPointer:Mbr:[[0.9983376264572144, 0.9983376264572144], [0.9212207794189453, 0.9212207794189453]], 998
MbrPointer:Mbr:[[0.9933248162269592, 0.9933248162269592], [0.8436086773872375, 0.8436086773872375]], 993
MbrPointer:Mbr:[[0.7282769083976746, 0.7282769083976746], [0.9080234169960022, 0.9080234169960022]], 728
MbrPointer:Mbr:[[0.8354621529579163, 0.8354621529579163], [0.8721916079521179, 0.8721916079521179]], 835
MbrPointer:Mbr:[[0.9042422771453857, 0.9042422771453857], [0.8898208141326904, 0.8898208141326904]], 904
MbrPointer:Mbr:[[0.7524025440216064, 0.7524025440216064], [0.8885307908058167, 0.8885307908058167]], 752
MbrPointer:Mbr:[[0.870193362236023, 0.870193362236023], [0.9175112247467041, 0.9175112247467041]], 870
MbrPointer:Mbr:[[0.747050940990448, 0.747050940990448], [0.8778071403503418, 0.8778071403503418]], 747
MbrPointer:Mbr:[[0.8221913576126099, 0.8221913576126099], [0.8664321303367615, 0.8664321303367615]], 822
MbrPointer:Mbr:[[0.9494457840919495, 0.9494457840919495], [0.8861987590789795, 0.8861987590789795]], 949
MbrPointer:Mbr:[[0.8534877896308899, 0.8534877896308899], [0.8774079084396362, 0.8774079084396362]], 853
MbrPointer:Mbr:[[0.9192177653312683, 0.9192177653312683], [0.8754172921180725, 0.8754172921180725]], 919
MbrPointer:Mbr:[[0.8399942517280579, 0.8399942517280579], [0.8960809111595154, 0.8960809111595154]], 839
MbrPointer:Mbr:[[0.9526029229164124, 0.9526029229164124], [0.8918806910514832, 0.8918806910514832]], 952
MbrPointer:Mbr:[[0.9986110329627991, 0.9986110329627991], [0.9163706302642822, 0.9163706302642822]], 998
MbrPointer:Mbr:[[0.6624739170074463, 0.6624739170074463], [0.9999977946281433, 0.9999977946281433]], 662
MbrPointer:Mbr:[[0.6535078883171082, 0.6535078883171082], [0.9836637377738953, 0.9836637377738953]], 653
MbrPointer:Mbr:[[0.671294629573822, 0.671294629573822], [0.9715374708175659, 0.9715374708175659]], 671
MbrPointer:Mbr:[[0.8000456094741821, 0.8000456094741821], [0.9750810265541077, 0.9750810265541077]], 800
MbrPointer:Mbr:[[0.6879038214683533, 0.6879038214683533], [0.9880818724632263, 0.9880818724632263]], 687
MbrPointer:Mbr:[[0.6671881675720215, 0.6671881675720215], [0.9834789037704468, 0.9834789037704468]], 667
MbrPointer:Mbr:[[0.7142791748046875, 0.7142791748046875], [0.9780543446540833, 0.9780543446540833]], 714
MbrPointer:Mbr:[[0.6838733553886414, 0.6838733553886414], [0.936590313911438, 0.936590313911438]], 683
MbrPointer:Mbr:[[0.654388964176178, 0.654388964176178], [0.9664488434791565, 0.9664488434791565]], 654
MbrPointer:Mbr:[[0.6992312073707581, 0.6992312073707581], [0.9897035360336304, 0.9897035360336304]], 699
MbrPointer:Mbr:[[0.7639201283454895, 0.7639201283454895], [0.9913584589958191, 0.9913584589958191]], 763
MbrPointer:Mbr:[[0.6855452656745911, 0.6855452656745911], [0.9200711250305176, 0.9200711250305176]], 685
MbrPointer:Mbr:[[0.8166706562042236, 0.8166706562042236], [0.9884250164031982, 0.9884250164031982]], 816
MbrPointer:Mbr:[[0.8006710410118103, 0.8006710410118103], [0.979360044002533, 0.979360044002533]], 800
MbrPointer:Mbr:[[0.8778995275497437, 0.8778995275497437], [0.927075207233429, 0.927075207233429]], 877
MbrPointer:Mbr:[[0.6797425150871277, 0.6797425150871277], [0.9415377974510193, 0.9415377974510193]], 679
MbrPointer:Mbr:[[0.7674263715744019, 0.7674263715744019], [0.9506540298461914, 0.9506540298461914]], 767
MbrPointer:Mbr:[[0.8095555305480957, 0.8095555305480957], [0.9126284122467041, 0.9126284122467041]], 809
MbrPointer:Mbr:[[0.7146379947662354, 0.7146379947662354], [0.9986128211021423, 0.9986128211021423]], 714
MbrPointer:Mbr:[[0.659553587436676, 0.659553587436676], [0.9870539903640747, 0.9870539903640747]], 659
MbrPointer:Mbr:[[0.6867765188217163, 0.6867765188217163], [0.9950684905052185, 0.9950684905052185]], 686
MbrPointer:Mbr:[[0.8029675483703613, 0.8029675483703613], [0.8205845952033997, 0.8205845952033997]], 802
MbrPointer:Mbr:[[0.7157292366027832, 0.7157292366027832], [0.9234578013420105, 0.9234578013420105]], 715
MbrPointer:Mbr:[[0.8404643535614014, 0.8404643535614014], [0.8367340564727783, 0.8367340564727783]], 840
MbrPointer:Mbr:[[0.7226927876472473, 0.7226927876472473], [0.9093004465103149, 0.9093004465103149]], 722
MbrPointer:Mbr:[[0.9906697273254395, 0.9906697273254395], [0.8566332459449768, 0.8566332459449768]], 990
MbrPointer:Mbr:[[0.9587684273719788, 0.9587684273719788], [0.9563653469085693, 0.9563653469085693]], 958
MbrPointer:Mbr:[[0.9562239050865173, 0.9562239050865173], [0.8196557760238647, 0.8196557760238647]], 956
MbrPointer:Mbr:[[0.8010428547859192, 0.8010428547859192], [0.8266963362693787, 0.8266963362693787]], 801
MbrPointer:Mbr:[[0.9236499071121216, 0.9236499071121216], [0.8536027073860168, 0.8536027073860168]], 923
MbrPointer:Mbr:[[0.7859796285629272, 0.7859796285629272], [0.6159980297088623, 0.6159980297088623]], 785
MbrPointer:Mbr:[[0.8612295389175415, 0.8612295389175415], [0.8853556513786316, 0.8853556513786316]], 861
MbrPointer:Mbr:[[0.851923942565918, 0.851923942565918], [0.7749535441398621, 0.7749535441398621]], 851
MbrPointer:Mbr:[[0.6913712620735168, 0.6913712620735168], [0.9198743104934692, 0.9198743104934692]], 691
MbrPointer:Mbr:[[0.7639223337173462, 0.7639223337173462], [0.7045232653617859, 0.7045232653617859]], 763
MbrPointer:Mbr:[[0.8543800115585327, 0.8543800115585327], [0.8293079733848572, 0.8293079733848572]], 854
MbrPointer:Mbr:[[0.7492908835411072, 0.7492908835411072], [0.6852626204490662, 0.6852626204490662]], 749
MbrPointer:Mbr:[[0.9726713299751282, 0.9726713299751282], [0.642907440662384, 0.642907440662384]], 972
MbrPointer:Mbr:[[0.7365739941596985, 0.7365739941596985], [0.9293397665023804, 0.9293397665023804]], 736
MbrPointer:Mbr:[[0.8732470273971558, 0.8732470273971558], [0.8262757062911987, 0.8262757062911987]], 873
MbrPointer:Mbr:[[0.9278331995010376, 0.9278331995010376], [0.7581978440284729, 0.7581978440284729]], 927
MbrPointer:Mbr:[[0.7971178293228149, 0.7971178293228149], [0.6288496851921082, 0.6288496851921082]], 797
MbrPointer:Mbr:[[0.8399845957756042, 0.8399845957756042], [0.7807359099388123, 0.7807359099388123]], 839
MbrPointer:Mbr:[[0.8564427495002747, 0.8564427495002747], [0.8425509333610535, 0.8425509333610535]], 856
MbrPointer:Mbr:[[0.8597412705421448, 0.8597412705421448], [0.8095289468765259, 0.8095289468765259]], 859
MbrPointer:Mbr:[[0.7838181257247925, 0.7838181257247925], [0.9731689095497131, 0.9731689095497131]], 783
MbrPointer:Mbr:[[0.6482852697372437, 0.6482852697372437], [0.7453508377075195, 0.7453508377075195]], 648
MbrPointer:Mbr:[[0.7983441352844238, 0.7983441352844238], [0.6095962524414062, 0.6095962524414062]], 798
MbrPointer:Mbr:[[0.9547411203384399, 0.9547411203384399], [0.6426557302474976, 0.6426557302474976]], 954
MbrPointer:Mbr:[[0.7043790221214294, 0.7043790221214294], [0.7604666948318481, 0.7604666948318481]], 704
MbrPointer:Mbr:[[0.8880998492240906, 0.8880998492240906], [0.6376919746398926, 0.6376919746398926]], 888
MbrPointer:Mbr:[[0.7285758852958679, 0.7285758852958679], [0.6146310567855835, 0.6146310567855835]], 728
MbrPointer:Mbr:[[0.7853438258171082, 0.7853438258171082], [0.619758665561676, 0.619758665561676]], 785
MbrPointer:Mbr:[[0.955049991607666, 0.955049991607666], [0.619560718536377, 0.619560718536377]], 955
MbrPointer:Mbr:[[0.9223134517669678, 0.9223134517669678], [0.6256923675537109, 0.6256923675537109]], 922
MbrPointer:Mbr:[[0.9354292154312134, 0.9354292154312134], [0.634229302406311, 0.634229302406311]], 935
MbrPointer:Mbr:[[0.9699874520301819, 0.9699874520301819], [0.6280273795127869, 0.6280273795127869]], 969
MbrPointer:Mbr:[[0.8425783514976501, 0.8425783514976501], [0.6332953572273254, 0.6332953572273254]], 842
MbrPointer:Mbr:[[0.9185599684715271, 0.9185599684715271], [0.6118384599685669, 0.6118384599685669]], 918
MbrPointer:Mbr:[[0.9303423762321472, 0.9303423762321472], [0.6044086813926697, 0.6044086813926697]], 930
MbrPointer:Mbr:[[0.8241684436798096, 0.8241684436798096], [0.5830541253089905, 0.5830541253089905]], 824
MbrPointer:Mbr:[[0.9042491912841797, 0.9042491912841797], [0.6275662779808044, 0.6275662779808044]], 904
MbrPointer:Mbr:[[0.9790557026863098, 0.9790557026863098], [0.6442484259605408, 0.6442484259605408]], 979
MbrPointer:Mbr:[[0.7844913601875305, 0.7844913601875305], [0.7665414214134216, 0.7665414214134216]], 784
MbrPointer:Mbr:[[0.9136316180229187, 0.9136316180229187], [0.8056895732879639, 0.8056895732879639]], 913
MbrPointer:Mbr:[[0.706343948841095, 0.706343948841095], [0.8281064629554749, 0.8281064629554749]], 706
MbrPointer:Mbr:[[0.9651499390602112, 0.9651499390602112], [0.7050753235816956, 0.7050753235816956]], 965
MbrPointer:Mbr:[[0.7706961035728455, 0.7706961035728455], [0.6434078216552734, 0.6434078216552734]], 770
MbrPointer:Mbr:[[0.7229233384132385, 0.7229233384132385], [0.6460449695587158, 0.6460449695587158]], 722
MbrPointer:Mbr:[[0.8871334195137024, 0.8871334195137024], [0.7634390592575073, 0.7634390592575073]], 887
MbrPointer:Mbr:[[0.9400815367698669, 0.9400815367698669], [0.6733273267745972, 0.6733273267745972]], 940
MbrPointer:Mbr:[[0.769137442111969, 0.769137442111969], [0.8437029719352722, 0.8437029719352722]], 769
MbrPointer:Mbr:[[0.8052727580070496, 0.8052727580070496], [0.7035314440727234, 0.7035314440727234]], 805
MbrPointer:Mbr:[[0.9932273030281067, 0.9932273030281067], [0.635197639465332, 0.635197639465332]], 993
MbrPointer:Mbr:[[0.9646466970443726, 0.9646466970443726], [0.7132358551025391, 0.7132358551025391]], 964
MbrPointer:Mbr:[[0.7711670398712158, 0.7711670398712158], [0.7405127286911011, 0.7405127286911011]], 771
MbrPointer:Mbr:[[0.7286590933799744, 0.7286590933799744], [0.6775113940238953, 0.6775113940238953]], 728
MbrPointer:Mbr:[[0.975368320941925, 0.975368320941925], [0.5918766856193542, 0.5918766856193542]], 975
MbrPointer:Mbr:[[0.8499268293380737, 0.8499268293380737], [0.7005505561828613, 0.7005505561828613]], 849
MbrPointer:Mbr:[[0.9648962616920471, 0.9648962616920471], [0.5018743276596069, 0.5018743276596069]], 964
MbrPointer:Mbr:[[0.922694981098175, 0.922694981098175], [0.7619866132736206, 0.7619866132736206]], 922
MbrPointer:Mbr:[[0.7729595899581909, 0.7729595899581909], [0.7550227642059326, 0.7550227642059326]], 772
MbrPointer:Mbr:[[0.902518093585968, 0.902518093585968], [0.5587626099586487, 0.5587626099586487]], 902
MbrPointer:Mbr:[[0.7712569832801819, 0.7712569832801819], [0.8389463424682617, 0.8389463424682617]], 771
MbrPointer:Mbr:[[0.8587377071380615, 0.8587377071380615], [0.890192985534668, 0.890192985534668]], 858
MbrPointer:Mbr:[[0.6722782254219055, 0.6722782254219055], [0.7988841533660889, 0.7988841533660889]], 672
MbrPointer:Mbr:[[0.8885776400566101, 0.8885776400566101], [0.8828293681144714, 0.8828293681144714]], 888
MbrPointer:Mbr:[[0.789950430393219, 0.789950430393219], [0.8831568360328674, 0.8831568360328674]], 789
MbrPointer:Mbr:[[0.9019353985786438, 0.9019353985786438], [0.9654768705368042, 0.9654768705368042]], 901
MbrPointer:Mbr:[[0.6742241382598877, 0.6742241382598877], [0.9190444946289062, 0.9190444946289062]], 674
MbrPointer:Mbr:[[0.9706443548202515, 0.9706443548202515], [0.9715045690536499, 0.9715045690536499]], 970
MbrPointer:Mbr:[[0.9570248126983643, 0.9570248126983643], [0.8144601583480835, 0.8144601583480835]], 957
MbrPointer:Mbr:[[0.7933540344238281, 0.7933540344238281], [0.7829805016517639, 0.7829805016517639]], 793
MbrPointer:Mbr:[[0.8140876293182373, 0.8140876293182373], [0.9779210686683655, 0.9779210686683655]], 814
MbrPointer:Mbr:[[0.7422071695327759, 0.7422071695327759], [0.8894004821777344, 0.8894004821777344]], 742
MbrPointer:Mbr:[[0.7937802076339722, 0.7937802076339722], [0.9666344523429871, 0.9666344523429871]], 793
MbrPointer:Mbr:[[0.7050148844718933, 0.7050148844718933], [0.8870278000831604, 0.8870278000831604]], 705
MbrPointer:Mbr:[[0.7864462733268738, 0.7864462733268738], [0.8744587302207947, 0.8744587302207947]], 786
MbrPointer:Mbr:[[0.9167194366455078, 0.9167194366455078], [0.9435547590255737, 0.9435547590255737]], 916
MbrPointer:Mbr:[[0.7805526852607727, 0.7805526852607727], [0.9767133593559265, 0.9767133593559265]], 780
MbrPointer:Mbr:[[0.7325204610824585, 0.7325204610824585], [0.949029803276062, 0.949029803276062]], 732
MbrPointer:Mbr:[[0.7285137176513672, 0.7285137176513672], [0.7358423471450806, 0.7358423471450806]], 728
MbrPointer:Mbr:[[0.9490720629692078, 0.9490720629692078], [0.9350748062133789, 0.9350748062133789]], 949
MbrPointer:Mbr:[[0.7389427423477173, 0.7389427423477173], [0.8009930849075317, 0.8009930849075317]], 738
MbrPointer:Mbr:[[0.7693696022033691, 0.7693696022033691], [0.806925892829895, 0.806925892829895]], 769
MbrPointer:Mbr:[[0.9232638478279114, 0.9232638478279114], [0.974762499332428, 0.974762499332428]], 923
MbrPointer:Mbr:[[0.8951948285102844, 0.8951948285102844], [0.7941796183586121, 0.7941796183586121]], 895
MbrPointer:Mbr:[[0.6598367691040039, 0.6598367691040039], [0.6872319579124451, 0.6872319579124451]], 659
MbrPointer:Mbr:[[0.6826971173286438, 0.6826971173286438], [0.6645032167434692, 0.6645032167434692]], 682
MbrPointer:Mbr:[[0.6841767430305481, 0.6841767430305481], [0.6857075095176697, 0.6857075095176697]], 684
MbrPointer:Mbr:[[0.7859604954719543, 0.7859604954719543], [0.7219527959823608, 0.7219527959823608]], 785
MbrPointer:Mbr:[[0.8405486345291138, 0.8405486345291138], [0.7334498167037964, 0.7334498167037964]], 840
MbrPointer:Mbr:[[0.9229744076728821, 0.9229744076728821], [0.6645694971084595, 0.6645694971084595]], 922
MbrPointer:Mbr:[[0.6921882629394531, 0.6921882629394531], [0.658006489276886, 0.658006489276886]], 692
MbrPointer:Mbr:[[0.8493061661720276, 0.8493061661720276], [0.7371213436126709, 0.7371213436126709]], 849
MbrPointer:Mbr:[[0.7666460871696472, 0.7666460871696472], [0.6137475371360779, 0.6137475371360779]], 766
MbrPointer:Mbr:[[0.6865763664245605, 0.6865763664245605], [0.6732824444770813, 0.6732824444770813]], 686
MbrPointer:Mbr:[[0.9060183763504028, 0.9060183763504028], [0.6262052655220032, 0.6262052655220032]], 906
MbrPointer:Mbr:[[0.8268000483512878, 0.8268000483512878], [0.6621691584587097, 0.6621691584587097]], 826
MbrPointer:Mbr:[[0.6798562407493591, 0.6798562407493591], [0.7337880730628967, 0.7337880730628967]], 679
MbrPointer:Mbr:[[0.8519625663757324, 0.8519625663757324], [0.6504701375961304, 0.6504701375961304]], 851
MbrPointer:Mbr:[[0.7153745293617249, 0.7153745293617249], [0.7047225832939148, 0.7047225832939148]], 715
MbrPointer:Mbr:[[0.7967867851257324, 0.7967867851257324], [0.5608280897140503, 0.5608280897140503]], 796
MbrPointer:Mbr:[[0.8563953042030334, 0.8563953042030334], [0.7448177933692932, 0.7448177933692932]], 856
MbrPointer:Mbr:[[0.6559259295463562, 0.6559259295463562], [0.8076736927032471, 0.8076736927032471]], 655
MbrPointer:Mbr:[[0.6372097730636597, 0.6372097730636597], [0.8442074060440063, 0.8442074060440063]], 637
MbrPointer:Mbr:[[0.9253909587860107, 0.9253909587860107], [0.8340685367584229, 0.8340685367584229]], 925
MbrPointer:Mbr:[[0.632149338722229, 0.632149338722229], [0.8153284788131714, 0.8153284788131714]], 632
MbrPointer:Mbr:[[0.687652587890625, 0.687652587890625], [0.8107883334159851, 0.8107883334159851]], 687
MbrPointer:Mbr:[[0.7402939796447754, 0.7402939796447754], [0.9148659706115723, 0.9148659706115723]], 740
MbrPointer:Mbr:[[0.8768563866615295, 0.8768563866615295], [0.9346532821655273, 0.9346532821655273]], 876
MbrPointer:Mbr:[[0.769142746925354, 0.769142746925354], [0.8955825567245483, 0.8955825567245483]], 769
MbrPointer:Mbr:[[0.8267329931259155, 0.8267329931259155], [0.9562708139419556, 0.9562708139419556]], 826
MbrPointer:Mbr:[[0.8743395209312439, 0.8743395209312439], [0.8571188449859619, 0.8571188449859619]], 874
MbrPointer:Mbr:[[0.7956044673919678, 0.7956044673919678], [0.9326784610748291, 0.9326784610748291]], 795
MbrPointer:Mbr:[[0.6559105515480042, 0.6559105515480042], [0.8999477624893188, 0.8999477624893188]], 655
MbrPointer:Mbr:[[0.8117818832397461, 0.8117818832397461], [0.9459578394889832, 0.9459578394889832]], 811
MbrPointer:Mbr:[[0.6498280167579651, 0.6498280167579651], [0.8294320702552795, 0.8294320702552795]], 649
MbrPointer:Mbr:[[0.7080647945404053, 0.7080647945404053], [0.7972636818885803, 0.7972636818885803]], 708
MbrPointer:Mbr:[[0.6368088722229004, 0.6368088722229004], [0.8205668330192566, 0.8205668330192566]], 636
MbrPointer:Mbr:[[0.9461652636528015, 0.9461652636528015], [0.9578902721405029, 0.9578902721405029]], 946
MbrPointer:Mbr:[[0.8371008634567261, 0.8371008634567261], [0.9899803996086121, 0.9899803996086121]], 837
MbrPointer:Mbr:[[0.7332701086997986, 0.7332701086997986], [0.9283776879310608, 0.9283776879310608]], 733
MbrPointer:Mbr:[[0.8442112803459167, 0.8442112803459167], [0.9098647832870483, 0.9098647832870483]], 844
MbrPointer:Mbr:[[0.7786204218864441, 0.7786204218864441], [0.9317771792411804, 0.9317771792411804]], 778
MbrPointer:Mbr:[[0.8712442517280579, 0.8712442517280579], [0.9537068605422974, 0.9537068605422974]], 871
MbrPointer:Mbr:[[0.8046924471855164, 0.8046924471855164], [0.9594796299934387, 0.9594796299934387]], 804
MbrPointer:Mbr:[[0.9935442805290222, 0.9935442805290222], [0.907936155796051, 0.907936155796051]], 993
MbrPointer:Mbr:[[0.9750566482543945, 0.9750566482543945], [0.9891018867492676, 0.9891018867492676]], 975
MbrPointer:Mbr:[[0.7204223871231079, 0.7204223871231079], [0.9366352558135986, 0.9366352558135986]], 720
MbrPointer:Mbr:[[0.9121719598770142, 0.9121719598770142], [0.8685070276260376, 0.8685070276260376]], 912
MbrPointer:Mbr:[[0.8100118637084961, 0.8100118637084961], [0.9225118160247803, 0.9225118160247803]], 810
MbrPointer:Mbr:[[0.8557502627372742, 0.8557502627372742], [0.9724259376525879, 0.9724259376525879]], 855
MbrPointer:Mbr:[[0.7160770893096924, 0.7160770893096924], [0.9625756144523621, 0.9625756144523621]], 716
MbrPointer:Mbr:[[0.7401021122932434, 0.7401021122932434], [0.8074291944503784, 0.8074291944503784]], 740
MbrPointer:Mbr:[[0.6578640341758728, 0.6578640341758728], [0.9851723313331604, 0.9851723313331604]], 657
MbrPointer:Mbr:[[0.773015558719635, 0.773015558719635], [0.8749969601631165, 0.8749969601631165]], 773
MbrPointer:Mbr:[[0.6365013718605042, 0.6365013718605042], [0.8762569427490234, 0.8762569427490234]], 636
MbrPointer:Mbr:[[0.7229422330856323, 0.7229422330856323], [0.9412574768066406, 0.9412574768066406]], 722
MbrPointer:Mbr:[[0.7378817200660706, 0.7378817200660706], [0.9916958808898926, 0.9916958808898926]], 737
MbrPointer:Mbr:[[0.7064354419708252, 0.7064354419708252], [0.9497916102409363, 0.9497916102409363]], 706
MbrPointer:Mbr:[[0.8044055104255676, 0.8044055104255676], [0.7825815677642822, 0.7825815677642822]], 804
MbrPointer:Mbr:[[0.6318705081939697, 0.6318705081939697], [0.818880021572113, 0.818880021572113]], 631
MbrPointer:Mbr:[[0.7412018775939941, 0.7412018775939941], [0.9448474049568176, 0.9448474049568176]], 741
MbrPointer:Mbr:[[0.7044742107391357, 0.7044742107391357], [0.8459601402282715, 0.8459601402282715]], 704
MbrPointer:Mbr:[[0.6898068189620972, 0.6898068189620972], [0.9555755257606506, 0.9555755257606506]], 689
MbrPointer:Mbr:[[0.6888831257820129, 0.6888831257820129], [0.6946333646774292, 0.6946333646774292]], 688
MbrPointer:Mbr:[[0.7611908316612244, 0.7611908316612244], [0.7099169492721558, 0.7099169492721558]], 761
